140

Αηη

conditu.

3996
3997
3998
3999

4000
4001
4002
4003

4004
4005
4006
4007
4008
4009
4010
4011
4012
4013

4014

4015
4016
4017
4018
4019
4020
4021

’4022

4023
4024
4025

, GEORGII SYNCELLI

ges.

17
18
19
20

Assyr. Rex 23.
LAMPRAES
annis 3⁰.

*boemo-a

(ooeqmm

10
11
12
13
14

15

16
17Δ
18
19
20
21
22
23
24
25
26

ἰ α mundi Assyriorum Re· Aegyptiorum

Reges.

11
12 .
13
14

15
16
17
18

19
20
21
22
23
24
25
26
27
28

29

Aegypt. Rex 44.

emmenum

.ἓέ

μοωωήωωᾼωωμὲ

μισ-ι

Sicyoniorum Rege..

7
8
9
10

11
12
13
14

15
16
17
18
19
20
21
22
23
24

25

1ο .
11

12
13

14

16
17

18
19
20
21
22

24
25
26

, 27

28

29
30
31
32
33
34
35
36
37
38
39

