CHRONOGRAPH.GANON. 87

 

Aegyptio· Thebaeorum Patriaroharum aetatee.

 

θ’· Tum Rege& rzjffffl222 Prodnttior Breviter
· compu us. 00111Ρο 1¹8·
18 26 24 28
’19 27 25 24
20 28 26 25
21 29 27 26 ’
22 80 28 27
28 81 29 28’
16 24 82 80 29
17 25 88 81 30
18 26 84 82 81
19 27 85 83 82
20 28 86 84 88
29 87 85 84
22 30 38 36 35
23 31 39 37 86
24 82 40 88 87
25 33 . 41 39 38
26 84 42 40 89
27 85 48 4t 40
28 86 44 42 41
, Aegyptflo
rum duo
Reges Ano
nynfi
anuis 72.
29 1 45 43 42
30 2 46 44 43
31 3 47 45 44
ἢ 32 4 43 46 45
88 5 49 47 46
34 5 50 48 47
35 7 51 49 48
36 8 52 50 49
37 9 53 51 5⁰
38 10 54 52 5ι
89 11 55 58 52
40 12 56 54 58
Chaldaeo-
rum Rex '1 .
mqmue
nnis 45.
1 13 57 55 54
2 14 58 56 55
8 15 59 67 56
4 16 60 58 67

