88 „ GEoRGn SYNCELLI

Armi amun· Chaldaeo Ae 0gyptio- The b aaaaa m Patri rear-h um aetate
di conditu. rum Reges. rum Re egea. Ae cio-gypt p ouda cf„ Brevffor

TumRe ‘³2⁸3 coump uuts coump utun.
2960 5 17 61 59 58
2961 6 18 62 60 59

Theb aaaaa m .

Rex 2.

A nnnnnnn

-αιιιιίε 59.
2962 ⁷. 19 1 61 60
2963 - 8 20 2 62 61
2964 9 21 3 63 62
2965 10 22 4 64 63
2966 11 23 5 65 64
2967 12 24 6 66 65
2968 13 25 7 67 66
2969 14 26 8 68 67
2970 15 27 9 69 68
2971 16 28 10 70 69
2972 17 29 11 71 70
2973 18 30 12 72 71
2974 19 31 13 73 72
2975 20 32 14 74 73
2976 21 33 15 75 74
2977 22 34 16 76 75
2978 23 35 17 . 77 76
2979 24 86 18 78 77
2980 25 37 19 79 78
2981 26 38 20 80 79
2982 27 39 21 81 80
2983 28 40 22 82 81
2984 29 41 23 83 82-
2985 30 42 ’24 84 83
2986 31 43 25 85 84
2987 82 44 26 86 85
2988 33 45 27 87 86
2989 34 46 28 88 87
2990 35 47 29 89 88
2991 36 48 30 90 89
2992 37 49 31 91 90
2993 38 50 32 92 91
2994 39 51 33 93 - 92
2995 40 52 84 94 98
2996 41 53 35 95 94

2997 42 54 36 96 95
2998 43 55 37 97 96

