344 EMENDATIONES

ξ’. ¹} Hebraeorum ‚ Romanorum et Aegyptiorum dierum
Hebr. ἵ. Roma- Aegy- 1 Hebr. 8. Roma- Aegy· ⁸ Hebr. 9. Roma· Aeg-y-
ιίΤιξιοεῖ ιιιιιι ptius. ' Mer- noe. ptius. Ι 01Ιὲ nnnnnn f ption-
lee flflflflfl Β u·
'‘il’isri. ⁴ eive
Mar h
auvam
1 23 26 1 23 26 1 22 26
2 24 27 2 24 27 2 23 27
3 25 28 3 25 28 3 24 28
4 26 29 4 26 29 4 25 29
5 27 30 5 27 30 5 26 30
Phaophi Athyr. choeac.
6 28 1 6 28 1 6 27 1
7 29 2 7 29 2 7 28 2
8 30 3 8 30 3 8 29 3
9 31 4 9 30 4
October. ·
November. December.
1 Ο 2 ’ 5 10 1 5 10 1 5
1 1 3 6 1 1 2 6 1 1 2 6
1 2 4 7 1 2 3 7 12 3 7
1 3 5 8 13 4 8 1 3 4 8
1 4 6 9 1 4 5 9 14 5 9
1 5 7 10 1 5 6 1 Ο 15 . 6 10
16 8 1 1 1 6 7 1 1 16 7 11
1 7 9 1 2 1 7 8 12 17 8 12
1 8 1 Ο 13 1 8 9 13 1 8 9 13
1 9 1 1 1 4 1 9 10 14 19 10 1 4
20 1 2 1 5 20 1 1 1 5 20 11 1 5
2 1 1 3 16 21 Δ 1 2 1 6 21 12 1 6
22 1 4 1 7 22 13 17 22 13 17
23 1 5 1 8 23 1 4 18 23 14 18
24 1 6 1 9 24 1 5 19 24 15 19
25 17 20 25 1 6 20 25 1 6 20
26 :113 21 26 1 7 21 26 17 21

22 27 18 22 27 18 22
28 20 28 28 19 23 28 19 23
29 21 24 29 20 24 29 20 24
30 22 25 30 21 25 30 21 25

