236 GEORGII SYNCELm Ι ,

Anni a mundi Aegyptiorum Macedonum Reges.
conditu. Reges. Emendatum
laterculum.
Medea et 011 l
dacos excipi t
Persae.
Persarum
Rex 1. Cyn
annis 31.
4952 1 17 9 7
4953 2 18 10 3
. 4954 s 19 11 9
4955 4 20 12 10
4956 5 21 13 11
4957 6 22 14 12
4658 7 23 15 13
4959 8 24 16 14
4960 9 25 17 15
4961 10 26 18 16
4962 11 27 19 17
4963 12 28 20 18
4964 13 ¹ 29 21 19
4965 14 30 22 20
4966 15 81 28 21
4967 16 82 24 22
4968 17 33 25 23
4969 18’ 34 26 24
4970 19 35 27ι 25

4971 20 ὅδ’ 28Ι 26

4972 21 > 87 ’ 29- 27

