126 , GEORGII SYNCELLI

Anm· α mundi Assyriorum Re- Aegyptiorum Thebaeorum.

conditu. gen. Reges. Aeggptiorum
eges.
8814 8 14 24
.3815 4 15 25
3816 5, 16 26
Aegyptior. Rex
38. M ststststst
⁴ annis 23.
8817 6 1 27
8818 7 2 28
8819 8 8 29
8820 9 4 3Ο
8821 10 5 31
8822 , 11 6 32
8828 12 7 33
8824 18 8 34
8825 14 9 35
8826 15 · 10 · >36
8827 16 11 87
8828 17 12 ’88
8829 18 18 89
8880 19 14 40
8881 20 15 41
8882 21 16 42
8888 22 17 48
8884 28 18 44
8885 24 19 45
8886 25 20 46
8887 26 21 47
8888 27 22 48
8889 28 28 49
Aegypt. Rex 39.
Turumosm
nis 39. ,
3840 29 1 50
8841 80 2 51
8842 81 8 52

3843 - 32 4 53

