CHRONOGRAPH. CANON. 85

Aram· a mm» Chaldaeo· Aegyptio· Patriarchamm aetates.
di conditu. rum Reges. rum Reges. ι
Ριοᾱιιοῑῖοι· Brevior
computus. computus.
2865 41 55 94‹· 93·
2866 42 56 95 Α 94
2867 43 57 96“ 95’
chmd aaaaa ὡ
Rex 5. Amos
annis 48. , · -ι ² Δ
2868 1 58 97 ’ 96
2869 2 59 98 97
2870 3 60 99 98
2871 4 · 61 100 99
2872 5 62 101 100
’ 2873 6 63 102 101
Aegypuorum
R x3. Am
ssssssssss
nis 34. .
2874 7 1 103 102
2875 8 2 104 103
2876 9 8 105 104
- 2877 10 4 106 105
2878 11 5 107 106
2879 12 6 108 107
2880 13 Σ7 109 108
2881 14 8 110 109
2882 15 9 ¹ 111 110
2883 16 10 112 111
2884 17 11 113 112
2885 18 12 114 113
2886 19 13 115 114
2887 20 , 14 116 „115
. 2888 21 15 117 116
2889 ’ 22 16 118 117
2890 23 17 119 118
2891 24 18 120 119
2892 25 19 121 120
2893 26 20 122 121
2894 27 21 123 122
2895 28 22 124 123
2896 29 23 125 124
2897 80 24 126 , 125

