108 GEORGII SYNCELLI

Anm‘ a Assyriorum} Aegyptio- Thebaeo- Sicyonio-
mundi Reges. rum Regem rum Aegy- rum Re-

condi tu. ptzorum ges.
, Reges.

3505 3 10 37 30
3506 4 11 38 31
3507 « 5 12 39 32
3508 6 13 40 33
3509 7 14 41 34
3510 8 15 42 35
3511 9 16 43 36
3512 10 17 44 37
3513 11 18 45 38
3514 12 19 46 39
3515 13 20 47 40
3516 14 21 . 48 41
3517 15 22 49 42
3518 16 23 50 43
’ 3519 17 24 51 44
· 3520 18 25 52 45

Sicyon.

Rex 8.

Ianum?-

Pus an.53.
3521 19 26 53 1
3522 20 27 54 2
3523 21 28 55 3
3524 22 29 56 4
3525 23 30 57 5
3526 24 31 58 6
3527 25 32 59 7
3528 26 33 60 8
3529 27 34 61 9
3530 28 35 62 10
3531 29 36 63 11
3532 30 37 64 12
3533 31 38 65 13
3534 32 39 66 14
3535 33 40 67 15
3536 34 41 68 16
3537 35 42 69 17
3538 36 43 70· 18
3539 37 44 71 19

