3252
3253
3254
3255
3256
3257
3258
3259
3260
3261
3262
3263
3264
3265
3266
3267
3268

3269
3270

3271
3272
3273
3274
3275
3276
3277
3278
3279
3280
3281
3282
3283
3284
3285

nus annis

ι-ι-ιο-ιι-ιμι-ι
ὕῑνβῡῠὶθμῦΌΟΟΝὶΦῢιι-ῢῢῦέὒμ ·

GEORGII SYNCELLI

a Assyriorum Aegyptio-
rum Reges.

17
18
19
20
21
22
23
24
25
26
27
28
29
30
» 31
32
33

34
35

36
37
38
39
40
41
42
43
44
45
46
47
48
49
50

Τὴεόαεο- Sicyonio-
rum Aegy- rum Re-
ptiorum ges.

Reges.
2 14
3 15
4 16
5 17
6 18
7 19
8 20
9 21
10 22
11 23
12 24
13 25
14 26
15 27
16 28
17 29
18 30
Th each
Rex 12.
(3η, nnus
uuuuu 22.
1 31
2 32
3 33
4 34
5 35
6 36
7 37
8 38
9 39
10 40
11 41
12 42
13 43
14 44
15 45
16 46
17 47

29
30
31
32
33
34
35
36
37
38

40
41
42

28
29
30
31
32
33
34
35
36
37
38
39
40
41
42

