92 GEORGIIv SYNCELLI

mnia mun- Arabum “ Aegyptio· Thebaeorum Patr-turmarum aetatee.

ι· conditu. Reges. rum Regem Aegyptio· productior Brevjor
ΜΨ Rege& computus. computus
3087 2 49 16 54 53
Aegyptiorum
Rex 9. ΑΜΕ-
ΝΕΜΒε 3η. 29. ’
3088 » 3 1 17 55 51
3089 4 l 2 18 56 55
Thebaeorum
Δ Rex 6. ΤοΕ-
3090 5 3 1 ⁶
3091 6 4 2 58 57
3092 7 5 3 59 58
3093 8 6 4 60 59
3094 9 7 5 61 60
3095 10 8 6 62 61
3096 11 9 7 68 62
3097 12 10 3 64 63
3098 13 11 9 65 64
3099 14 12 10 66 65
3100 15 13 11 67 66
3101 16 14 12 68 67
3102 17 15 18 69 · 68
3103 18 16 14 70 69
3104 19 17 15 71 70
3105 20 · 18 16 72 . 71
3106 21 19ἶ 17 73 72
3107 22 20 18 74 73
3108 23 21 19 75 74
3109 24 22 20 76 75
3110 25 28 21 77 76 ’
3111 26 24 22 78 77
3112 27 25 23 79 78,
3113 28 26 24 80 79
A abum R
4. N ΑΑΑΑΑ
anuis 3⁷.
3114 1 27 25 81 80
3115 2 28 26 82 81
8116 3 29 27 83 82
Aegyptiorum
Rex 10. Amo—

3117 ·4 1 28 84 Α 83

