128 Α , GEoRGH SYNCELLI

Anni a mundi Assyriorum Aegypteorum Thebaeorum

conditu. Reges. Reges. Aegyptivrum
Rege&
3844μ 33 5 54
3845 34 6 55
Theb. Rex 34.
, Mnus annis 43.
3846 35 7 1
3847 36 8 2
3848 37 9 3
3849 38 10 4
Assyrior. Rexlss ’
Α ΜΜΜΜΜ s
anni 45. ⁷
3850 , 1 11 5
3851 2 12 6
3852 3 13 “7
3853 4 14 8
3854 5 15 ’9
3855 6 16 10
3856 7 17 ’ 11
385⁷ 8 18 12
3358 9 19 13
3359 10 20 14
3360 11 21 15
3861 12 22 16*
3862 13 23 17’
3863 14 24 18
3864 15 25 19
3865 16 26 20
3866 17 27 21
3867 18 28 22
3868 19 29 23
3869 20 30 ’ 24
3870 21 31 25
3871 22 32 26
3872 23 33 27
3873 24 34 28
3874 25 35 29
3875 26 36 . 30

3876 27 37 . 31

