136 GEORGII SYNCELLI

Anni a mundi Assyriorum Aegyptiorum Thebaeorum

conditu. Regem Reges. Aegyptiorum

Reges.
3947 28 35 35
3948 29 36 36 ,
3949 30 3⁷ 37

Assyr. Rex 21
Immrmnss
annis 37.
3950 1 38 f 38
3951 2 39 39’
8952 3 40 40
3953 4 41 41
3954 5 42 42
3955 6 43 43
3956 7 44 44
3957 8 45 45
3958 9 46 46
3959 10 47 47
3960 11 48 48
Aegypt. Rex 42
Aoum* aaaaaa
anni 25.

3961 ‘ ” 12 1 49
3962 13 2 50
3963 14 3 51.
3964 15 4 52
3965 16 5 53
3966 17 6 54
3967 18 7 55
3968 19 8 56
3969 20 9 57
3970 21 10 58
3971 22 11 59
3972 23 12 60

3973 24 13 61

