84

’ Δ Anni a mun-
di condita.

2831
2832
2833
2834
2835
2836
2837

2838

2839
2840

2841 ’

2842
2843
2844
2845
2846
2847
2848,

2849
2850
2851
2852
2853
2854
2855
2856
2857
2858
2859
2860
2861
2862
2863
2864

GEORGII SYNCELLI

Chaldaeo· Aegyptio- Patriaroharum aetates.

rum Reges.

7
8
9
10
11
12

13
14

15
16
17
18
19
20
21
22
’ 23
24

25
26
27
28
29
3ο ⁴
31
32
33
34
35 .
36
37
33
39
40

rum Reges.

21
22
23
24
25
26
27

28

Productior

computus. computu
60 59
61 60
62 61
63 62
64 63
65 64
66 65

Cainanm
titur.
67 66

cair} aaaaa
ritur.

68 67
69 68
70 69
71 70
72 71
73 72
74 73
75 74
76 ,75Ἰ
77 76

Homines 1

terras dis

persi civita-

t aedifi
cant. ’
78 77
79 78
80 ,79
81 80
82 81-
83 82
84 83
85- 84
86 85
87 86
88 ’87
89 88
90 89
91 90
92 91
93

