e es
13 13
14 14
15 15
16 16
17 17
18 18
19 19
20 20
21 21
22 22
23 23
24 24
25 25
26 26
27 27
28 28
29 ‚29
30 30
31 31
32 32 ,
33 33
34 34
35 35
36 36
37 37
38 38
39 39
40 40

Atheni eeeee m
Rex 6. Elmc
nnus an. 50.
41 1
42 2
43 3
44 4
45 5

CHRONOGRAPH.CANON.

‘ensium

Patriarcharum aetatee.

Productior com· Breviot com-

putus.

9
10
11
12
13
14
15
16
17
18
19
20
21
22
23
24
25
26
27
28
29

putus-

8Α

9
10
11
12
13
14
15
16
17
18
19
20

21-¹

22
23
24
25
26
27
28

29
30
31
32
33
34
35

36
37

438,
39

40

Servituo 4.

147

