CHRONOGRAPH. CANON. ἓ 89

Annia-mun- chaldaeo- Aegyptio· Thebaeorum Pata-sarchorum aetates.

 

di conditu. rum Reges. rum Reges. Aegyptio· Producam- 1312va-
Tum Rege& computus. computus.
2999 44 56 ’38 98 97
3000 45 57 39 ’ 99 98
Chaldaeis
succedunt
Arabes.
Arabum
Rex 1.
Mannocnn-
ms annis 45. ,
3001 1 58 40’ 100 99
3002 2 59 41 101 100
’3003 3 60 42 102 101
. 3004 4 61 43 103 102
3005 5 62 441 104 103
3006 6 63 45 105 104
3007 7 64 46 106 105
3008 8 65 47 107 106
3009 9 66 48 108 107
3010 ” 10 67 49 109 1(8
3011 11 68 50 ¹ 110 109
3012 12 69 51 111 110
3013 13 ’ 70 52 112 111
3014 14 71 53 113 112
3015 15 72 54 114 113
Aegyptiorum ¹
Rex 7.
S ΕΕΕΕΕΕ
, annis 23.
3016 16 1 55 115 114
- 3017 17 2 56 116 115
3018 18 3 57 117 116
·3019 19 4 58 118 117
3020 20 ο 59 119 118
Thebaeorum Δ
Rex 3. lter
Α uuuuuu
aunis 32.
3021 „21 ³6 1 120 119
3022 22 7 2 121 120 ⁷
3023 23 8 3 122 121
3024 24 9 · 4 123 122
3025 25 10 5 124 123
3026 26 11 6 125 124
3027 27 12 7 126 125

