146 GEORGII SYNCELLI

Armi α mundi Assyriorum Re· Aegyptiorum Sicyoniorum Reges.
conditu. geo. Reges.
4076 2 19 2 8
4077 3 20 3 9
4078 4 21ἦ 4 10
4079 5 22 5 11
4080 6 23 6 12
4081 7 24 7 13
4082 8 25 8 14
4083 9 26 9 15
4084 10 27 10 16
4085 11 28 11 17
4086 Α 12 29 12 18
4087 13 30 13 19
4088 14 31 14 20
4089 q 15 32 15 21
4090 16 33 16 22
4091 17 34 17 23
4092 18 35 18 · 24 ’
4093 19 36 19 25
4094 20 37 20 26
4095 21 38 21 27
4096 22 39 22 28

Assyriorum Rex
26. Mnmmssus
annis 27.

4097 40 23 29

4098 2 41 24 30
4099 3 42 25 31
4100 4 43 26 32
4101 5 44 27 33
4102 6 45 28 34
4103 7 46 29 35
4104 8 47 30 36
4105 9 48 31 37
4106 10 49 32 ’38
4107 11 50 33 39
4108 12 51 34 40

4109 13 52 35 41

