172

GEORGII SYNCELLI

a m d A yriorum R Aegyptiorum Lacedaemomo-
ndit ges. Reges. m ch
4445 14 10 23
4446 15 11 24
4447 16 12 25
4448 17 13 26
4449 18 14 27
4450 19 15 28,
’4451 20 16 29
4452 21 17 80
4453 22 18 31
4454 23 19 32
4455 24 20 83
4456 · 25 21 34
4457 26 22 35
4458 27 23 36
4459 28 24 37
’ 4460 29 25 38
4461 30 26 ,39
4462 31 27 40
4463 · 32 28 41
4464 33 29 42
Lacedaemonio-
rum Rex 2
Ac1s ann
no.
4465 34 30 , 1
Laced oooooooo
rum Rex 3
Ε εεεεεεεεεε
, annis 35.
4466 35 31 1
4467 36 32 2 “
4468 37 33 3
4469 38 34 ξ 4

