ET ANNOTATIONES. 345

ex Syncello Concordia.

Heln. Roma· Aegy· Hebr. Roma- Aegy- Hebr. Roma· Aegy-

21 25 15 21 25 17 21
22 26 16 22 26 18 22
23 27 17 23 27 19 23
24 28 13 24 28 20 24
25 29 1 9 25 29 21 25
30 21 26 30 20 26 30 22 26

1⁰. The- nos. pnes. 11. Sab- nos. ptius. 12. ιιοε. ptius.
b th bat. Ad
1 23 27 1 22 27 1 21 27
2 24 28 2 23 28 2 22 28
“ 3 25 29 3 24 29 3 23 29
4 26 30 4 25 30 4 24 30
Tybi· Machir. 1:133?-
5 27 1 5 26 1 5 25 1
6 28 2 6 27 2 6 26 2
7 29 3 7 28 3 7 27 3
8 30 4 8 29 4 8 28 4
9 31 5 9 30 5
10 31 6 Martius.
lanuarias. ’-

Februarius. 9 1 5
10 1 6 10 2 6
11 2 7 11 1 7 1 1 3 7
1 2 3 8 12 ’ 2 8 12 4 8
13 4 9 13 3 9 13 5 9
14 5 10 14 4 10 14 6 10
15 6 · 1 1 15 5 11 15 7 11
1 6 7 1 2 16 6 1 2 16 8 1 2
17 8 13 17 7 13 17 9 13
18 9 14 1 8 8 14 18 10 14
19 10 15 19 9 15 19 11 15
20 1 1 16 20 10 1 6 20 12 16
21 12 17 21 1 1 · 17 21 13 17
22 13 18 22 12 18 22 14 18
23 14 19 23 13 19 23 15 19
24 15 20 24 14 20 24 16 20

17

18

1 9

20

