CHRONOGRAPH. CANON. 101

Anni a Assyriorum Aegyptio- Thebaeo- sicyonio· Patriarenarum
mundi Reges. rum Reges. rum Aegy- rum Re· aetate&
conditu. ptiorum 3²⁸· Prodn- Brevior
Reges. otior com· computus. ¹
putus.
3332 10 3 19 42 20 19
3333 1 1 4 20 43 21 20
” 3334 12 5 21 44 22 21
3335 13 6 22 45 23 22
Sicyo 'or.
Re 3.
Tmolius·
anni 29.
3336 14 7 23 1 24 23
3337 15 8 24 2 25 24
3338 16 9 25 3 26 25
3339 17 10 26 4 27 26
3340 18 1 1 27 5 28 27
3341 19 12 28 6 29 28
3342 20 13 29 7 30 29
Thebaeor
Rex 16. slN
εεεεεεε
annis 27.
3343 21 14 1 8 31 30
3344 22 15 2 9 32 31
3345 23 16 3 10 33 32
3346 24 1 7 4 1 1 34 33
3347 25 18 5 12 35 34
3348 26 19 6 13 36 35
, 3349 27 20 7 14 37 36
⁴ 3350 28 21 8 15 38 37
3351 29 22 9 16 39 38
3352 30 23 10 17 40 39
3353 3 1 24 1 1 1 8 41 40
3354 32 25 12 1 9 42 41
3355 33 26 13 20 43 42
3356 34 27 1 4 21 44 43
3357 35 28 15 22 45 44
3358 36 ‹ 29 1 6 23 46 45
3359 37 30 17 24 47 46
3360 38 31 18 25 48 47

